Flair
Mean = 287.22375833033624
STD = 216.6585839841447
T1
Mean =20422.768367121327
STD =148196.0975329605
T1c
Mean =288.66075095864994
STD =466.96387340416516
T2
Mean =523.2554412816787
STD =366.04470600704605